DonEnowatersb65 -82.5 -5 47 12 0.9999999 77 15 15 15 15 15 15
5 -84 -2 55 9 5 0.9999999 15 15 15 15 15 15
5 -84 -2.5 85 9 4 0.9999999 15 15 15 15 15 15
5 -46.5 21 27 4 0.9999999 13 15 15 15 15 15 15
5 -45 23 22 3 3 0.9999999 15 15 15 15 15 15
5 -45.5 22.5 21 2 2 0.9999999 15 15 15 15 15 15
5 10 27 14 29 0.9999999 41 15 15 15 15 15 15
5 -4 26 2 0.9999999 0.9999999 5 15 15 15 15 15 15
5 8.5 33.5 4.5 4 12 2 7 7 7 7 7 7
5 18 33.5 15 11 12 3 7 7 7 7 7 7
5 22.5 33.5 1 4 12 0.9999999 7 7 7 7 7 7
5 16 33 5.5 0.9999999 11 10 7 7 7 7 7 7
5 -0.5 33.5 -4 4 12 5 7 7 7 7 7 7
5 -0.5 33.5 25 4 12 7 7 7 7 7 7 7
5 16.5 33.5 30 2 12 3 7 7 7 7 7 7
5 24 29 31 0.9999999 3 5 7 7 7 7 7 7
5 24 28.5 27.5 0.9999999 2 2 7 7 7 7 7 7
5 24 28 24.5 0.9999999 0.9999999 4 7 7 7 7 7 7
5 8.5 33.5 -4.5 2 12 2 7 7 7 7 7 7
5 18 34 9 13 0.9999999 19 7 7 7 7 7 7
5 17.5 31.5 30 8 2 17 7 7 7 7 7 7
5 21.5 32.5 20.5 2 4 4 7 7 7 7 7 7
5 28 0 0 0.9999999 79 239 11 11 11 11 11 11
5 -46 0 118 147 79 3 11 11 11 11 11 11
5 -119 0 -1.5 0.9999999 79 236 11 11 11 11 11 11
5 -45.5 0 -119 146 79 0.9999999 11 11 11 11 11 11
5 -9.5 23 74 4 0.9999999 5 11 11 11 11 11 11
2 4 -26 20 
2 5 -26 20 
2 6 -26 20 
2 7 -26 20 
2 5 -26 21 
2 6 -26 21 
2 7 -26 21 
2 4 -26 21 
2 4 -26 19 
2 5 -26 19 
2 6 -26 19 
2 7 -26 19 
2 7 -26 18 
2 6 -26 18 
2 5 -26 18 
2 4 -26 18 
2 4 -26 17 
2 5 -26 17 
2 6 -26 17 
2 4 -26 22 
2 5 -26 22 
2 6 -26 22 
2 7 -26 22 
2 7 -26 17 
3 8 -26 14 
3 3 -26 14 
3 3 -26 10 
3 8 -26 10 